ZIP_CODE  LATITUDE      LONGITUDE   ZIP_CLASS  PONAME          STATE    COUNTY
36141	 +32.3864      +86.1478			 	   MONTGOMERY		01		 101
99811    +58.38348	   -134.197786			   JUNEAU	    	02 		 110
85050	 +33.6914      +111.9975			   PHOENIX		    04		 013
72260	 +34.7463	   +92.2894				   LITTLE ROCK		05 		 119
94250	 +38.5846	   +121.4925			   SACRAMENTO	    06 		 067
80250    +39.6799	   +104.9433			   DENVER 			08		 031
06150	 +41.7658	   +72.6723				   HARTFORD			09 		 003
19903    +39.1581 	   +75.5248				   DOVER			10 		 001
32312    +30.5987	   +84.2520				   TALLAHASSEE		12 		 073
30350	 +33.9790	   +84.3321				   ATLANTA		    13 		 121 
96850	 +21.3069	   +157.8584			   HONOLULU			15 		 003
83756    +43.6142	   +116.2158			   BOISE 			16   	 001
62756    +39.7972	   +89.6539				   SPRINGFIELD    	17		 167
46250	 +39.9039	   +86.0691				   INDIANAPOLIS     18 		 097
50359    +41.5954	   +93.7652				   DES MOINES		19 		 153
66647	 +39.0405	   +95.7272				   TOPEKA	        20		 177
40618 	 +38.1781	   +84.8991				   FRANKFORT 		21 		 073
70837    +30.5488	   +91.2066				   BATON ROUGE		22	     033
04333	 +44.3059	   +69.7821				   AUGUSTA 			23 		 011
21404	 +38.9765	   +76.5007				   ANNAPOLIS 		24		 003
02241 	 +42.3547	   +71.0568				   BOSTON 			25 		 025
48951	 +42.7325	   +84.5555				   LANSING 			26 		 065
55150 	 +44.8871	   +93.1617				   SAINT PAUL		27		 037
39250    +32.3200	   -90.2000				   JACKSON 		    28       000
65106	 +38.57        -92.19				   JEFFERSON CITY   29		 000
59620    +46.53		   -112.16				   HELENA 			30 		 000
68542	 +40.81		   -96.68				   LINCOLN 			31		 000
89706	 +39.21		   -119.71				   CARSON CITY		32	 	 000
03303	 +43.23		   -71.56    			   CONCORD 			33		 000
08650	 +40.22		   -74.76				   TRENTON 			34 		 000
87540	 +35.67 	   -105.95				   SANTA FE			35 		 000
12250 	 +42.66		   -73.79				   ALBANY 			36 		 000
27650	 +35.82		   -78.65				   RALEIGH			37		 000
58504	 +46.80		   -100.76				   BISMARCK 		38 		 000
43251	 +39.98		   -82.98				   COLUMBUS 		39		 000
73150	 +35.46		   -97.51				   OKLAHOMA CITY	40 		 000
97307 	 +45.01		   -123.01     			   SALEM			41		 000
17140 	 +40.27		   -76.88				   HARRISBURG 		42		 000
02908	 +41.82		   -71.41				   PROVIDENCE 	    44		 000
29250	 +34.00		   -81.03				   COLUMBIA 		45		 000
57501	 +44.37		   -100.32				   PIERRE 			46		 000
37250	 +36.17		   -86.78				   NASHVILLE 		47 		 000
78750    +30.26		   -97.74				   AUSTIN			48 		 000
84150	 +40.77		   -111.88				   SALT LAKE CITY	49 		 000
05601 	 +44.26		   -72.57				   MONTPELIER 		50 		 000
23250	 +37.55		   -77.46				   RICHMOND 		51 		 000
98507	 +47.03 	   -122.87				   OLYMPIA 			53		 000
25350	 +38.35		   -81.63				   CHARLESTON 		54 		 000
53744	 +43.07		   -89.38 				   MADISON 			55		 000
82005	 +41.17		   -104.86				   CHEYENNE 	    56 		 000